Format: (Supports, A, B, C, D)

Results: 
Point_Cloud_1_No_Road_Reduced.xyz: (5927 89.33714003917784 -31.8652634805929 1.2272959325683606 297.5761648797386)
Point_Cloud_2_No_Road_Reduced.xyz: (10165 -185.7772228313249 52.34175183755475 15.05152995036548 -575.9215424527986)
Point_Cloud_3_No_Road_Reduced.xyz: (9029 1.3208953127676246 0.603015883477475 0.956436269072112 -5.74164549643904)